fare_id,price,currency_type,payment_method,transfers
6118,4.1,BRL,0,0
633VP1,12.6,BRL,0,0
5304PR2,5.2,BRL,0,0
054,8.0,BRL,0,0
260EX1,5.45,BRL,0,0
6115EX1,13.05,BRL,0,0
6220EX1,4.9,BRL,0,0
6219DV1,4.9,BRL,0,0
6116,6.45,BRL,0,0
313VP1,7.6,BRL,0,0
736VP1,5.25,BRL,0,0
860,6.55,BRL,0,0
409BI1,4.85,BRL,0,0
025BI1,5.35,BRL,0,0
964,4.9,BRL,0,0
033,5.65,BRL,0,0
968,4.9,BRL,0,0
6322EX1,3.9,BRL,0,0
6119,4.1,BRL,0,0
6340,8.85,BRL,0,0
19CELESTE,0.0,BRL,0,0
870,7.1,BRL,0,0
283VP1,5.2,BRL,0,0
466EX2,5.4,BRL,0,0
287UBUS,7.5,BRL,0,0
309,7.5,BRL,0,0
247EX1,5.7,BRL,0,0
466EX1,5.4,BRL,0,0
032,5.8,BRL,0,0
6316VP1,5.8,BRL,0,0
322,6.2,BRL,0,0
965,4.9,BRL,0,0
969,4.9,BRL,0,0
6213EX2,8.35,BRL,0,0
380,3.7,BRL,0,0
332VP1,4.5,BRL,0,0
6120,4.1,BRL,0,0
02Verde,0.0,BRL,0,0
386,7.75,BRL,0,0
533,5.4,BRL,0,0
6113,19.45,BRL,0,0
870EX1,5.7,BRL,0,0
455,5.4,BRL,0,0
6114,19.45,BRL,0,0
122,5.2,BRL,0,0
055,8.0,BRL,0,0
6339,8.1,BRL,0,0
246EX1,5.2,BRL,0,0
6108VP2,9.75,BRL,0,0
228,5.8,BRL,0,0
462,7.4,BRL,0,0
6105EX2,23.45,BRL,0,0
507,5.65,BRL,0,0
152DV1,6.8,BRL,0,0
277,8.6,BRL,0,0
970,5.5,BRL,0,0
151,4.8,BRL,0,0
6311EX1,4.5,BRL,0,0
258,39.9,BRL,0,0
361EX1,5.65,BRL,0,0
819EX1,7.25,BRL,0,0
047,4.8,BRL,0,0
345,5.7,BRL,0,0
350,6.9,BRL,0,0
417,5.2,BRL,0,0
419,7.6,BRL,0,0
421,5.2,BRL,0,0
350BI1,6.9,BRL,0,0
463,5.4,BRL,0,0
468,6.65,BRL,0,0
377,5.35,BRL,0,0
382EX1,6.75,BRL,0,0
758,5.4,BRL,0,0
165,7.4,BRL,0,0
498,5.4,BRL,0,0
559,5.4,BRL,0,0
063,7.6,BRL,0,0
824EX1,5.45,BRL,0,0
016,5.9,BRL,0,0
264,6.2,BRL,0,0
264BI1,5.8,BRL,0,0
316,39.9,BRL,0,0
530,7.8,BRL,0,0
673EX2,4.8,BRL,0,0
214,16.3,BRL,0,0
379,16.35,BRL,0,0
382,6.2,BRL,0,0
040,7.4,BRL,0,0
403,6.2,BRL,0,0
068,5.15,BRL,0,0
160EX1,6.75,BRL,0,0
158BI1,6.2,BRL,0,0
332,4.5,BRL,0,0
121,5.2,BRL,0,0
243DV1,20.3,BRL,0,0
537,7.05,BRL,0,0
841,5.15,BRL,0,0
253,5.4,BRL,0,0
526,5.35,BRL,0,0
563,4.4,BRL,0,0
011PR1,6.25,BRL,0,0
442,6.35,BRL,0,0
6105EX1,19.15,BRL,0,0
206,24.55,BRL,0,0
550,6.1,BRL,0,0
852,6.55,BRL,0,0
095,6.4,BRL,0,0
219,8.55,BRL,0,0
534,6.3,BRL,0,0
243,20.3,BRL,0,0
216,3.9,BRL,0,0
438,7.65,BRL,0,0
456,5.45,BRL,0,0
219BI1,7.95,BRL,0,0
105,5.1,BRL,0,0
163,5.1,BRL,0,0
405,5.35,BRL,0,0
903,4.9,BRL,0,0
936,5.5,BRL,0,0
103,5.1,BRL,0,0
470,8.35,BRL,0,0
942,4.9,BRL,0,0
452,4.8,BRL,0,0
943,4.9,BRL,0,0
591,5.4,BRL,0,0
027,4.8,BRL,0,0
673,4.8,BRL,0,0
478BI1,6.25,BRL,0,0
036,7.8,BRL,0,0
580,7.55,BRL,0,0
517,6.9,BRL,0,0
002,4.4,BRL,0,0
030,4.8,BRL,0,0
001,4.4,BRL,0,0
411,7.3,BRL,0,0
076,5.35,BRL,0,0
145,5.35,BRL,0,0
367,4.9,BRL,0,0
934EX1,4.9,BRL,0,0
522,7.55,BRL,0,0
541,5.4,BRL,0,0
932DV1,5.5,BRL,0,0
239,4.2,BRL,0,0
339,4.4,BRL,0,0
708BI2,5.4,BRL,0,0
340,4.4,BRL,0,0
565,8.1,BRL,0,0
139,5.9,BRL,0,0
252,6.8,BRL,0,0
948,4.9,BRL,0,0
622,4.85,BRL,0,0
624,4.75,BRL,0,0
629,4.75,BRL,0,0
911,5.5,BRL,0,0
551,4.4,BRL,0,0
6213EX1,6.1,BRL,0,0
156VP1,4.8,BRL,0,0
913,5.95,BRL,0,0
113,5.2,BRL,0,0
052,5.7,BRL,0,0
293,4.85,BRL,0,0
315,4.85,BRL,0,0
008,5.2,BRL,0,0
912,5.5,BRL,0,0
587,5.15,BRL,0,0
116,12.1,BRL,0,0
039,5.35,BRL,0,0
5107,5.75,BRL,0,0
171,4.8,BRL,0,0
362,6.25,BRL,0,0
496EX1,5.4,BRL,0,0
079,5.15,BRL,0,0
090,5.15,BRL,0,0
459,6.15,BRL,0,0
107,4.8,BRL,0,0
354,7.55,BRL,0,0
5220,4.2,BRL,0,0
928,4.25,BRL,0,0
182,4.8,BRL,0,0
5209,17.0,BRL,0,0
051,4.8,BRL,0,0
809,5.2,BRL,0,0
699BI1,5.25,BRL,0,0
633,18.55,BRL,0,0
933,5.35,BRL,0,0
359,5.7,BRL,0,0
636,5.4,BRL,0,0
6308,4.5,BRL,0,0
940,5.5,BRL,0,0
148EX1,4.8,BRL,0,0
302,5.35,BRL,0,0
358,4.8,BRL,0,0
947,4.9,BRL,0,0
937,4.25,BRL,0,0
632,4.75,BRL,0,0
635,12.85,BRL,0,0
6310,4.5,BRL,0,0
6111,18.2,BRL,0,0
324,5.4,BRL,0,0
653,5.95,BRL,0,0
231,6.2,BRL,0,0
231BI1,6.45,BRL,0,0
679,5.25,BRL,0,0
939,4.9,BRL,0,0
654,6.0,BRL,0,0
204,6.2,BRL,0,0
652,5.75,BRL,0,0
678,5.25,BRL,0,0
637,5.4,BRL,0,0
6311,4.5,BRL,0,0
727,5.45,BRL,0,0
6312,4.5,BRL,0,0
674,5.25,BRL,0,0
313,7.6,BRL,0,0
850EX1,6.2,BRL,0,0
840,6.2,BRL,0,0
399,6.45,BRL,0,0
915,5.7,BRL,0,0
827,12.1,BRL,0,0
439,6.75,BRL,0,0
291,6.55,BRL,0,0
919,4.9,BRL,0,0
925,4.9,BRL,0,0
520,7.55,BRL,0,0
5407VP2,5.2,BRL,0,0
249,5.4,BRL,0,0
698,5.25,BRL,0,0
094,5.1,BRL,0,0
660,5.4,BRL,0,0
011,6.25,BRL,0,0
944,4.9,BRL,0,0
655,5.95,BRL,0,0
250,5.4,BRL,0,0
657,5.4,BRL,0,0
100,5.45,BRL,0,0
663,5.4,BRL,0,0
697,5.25,BRL,0,0
584,6.05,BRL,0,0
934,4.9,BRL,0,0
699,5.25,BRL,0,0
578,5.4,BRL,0,0
694,5.25,BRL,0,0
704,5.25,BRL,0,0
573,5.4,BRL,0,0
695,5.25,BRL,0,0
702,5.25,BRL,0,0
585,6.25,BRL,0,0
675,5.25,BRL,0,0
676,4.95,BRL,0,0
677,4.9,BRL,0,0
688,5.4,BRL,0,0
686,5.4,BRL,0,0
508,5.65,BRL,0,0
705,5.25,BRL,0,0
708,5.4,BRL,0,0
836,4.1,BRL,0,0
473,7.55,BRL,0,0
101,4.8,BRL,0,0
689,5.25,BRL,0,0
724,5.45,BRL,0,0
709,5.4,BRL,0,0
509,4.95,BRL,0,0
157,4.8,BRL,0,0
636PR1,5.4,BRL,0,0
835,6.2,BRL,0,0
102,4.8,BRL,0,0
901BI1,4.9,BRL,0,0
521,7.55,BRL,0,0
167PR1,7.55,BRL,0,0
555,6.25,BRL,0,0
480,5.35,BRL,0,0
484,4.4,BRL,0,0
195,4.8,BRL,0,0
196,4.85,BRL,0,0
512,7.55,BRL,0,0
238,4.85,BRL,0,0
497,6.6,BRL,0,0
342DV1,7.55,BRL,0,0
366,4.85,BRL,0,0
703BI1,5.25,BRL,0,0
247,6.55,BRL,0,0
337BI1,6.25,BRL,0,0
738VP1,5.85,BRL,0,0
511,5.8,BRL,0,0
560,6.2,BRL,0,0
952,5.7,BRL,0,0
6115,13.05,BRL,0,0
329,6.55,BRL,0,0
478,6.25,BRL,0,0
538,6.5,BRL,0,0
600,6.7,BRL,0,0
390,5.45,BRL,0,0
617PR1,5.25,BRL,0,0
428,5.2,BRL,0,0
247VP2,6.2,BRL,0,0
351PR1,5.65,BRL,0,0
481,6.4,BRL,0,0
604,5.3,BRL,0,0
617DV1,5.25,BRL,0,0
604EX1,5.25,BRL,0,0
506,5.65,BRL,0,0
609,6.15,BRL,0,0
489,6.2,BRL,0,0
612DV1,7.7,BRL,0,0
197,7.65,BRL,0,0
606,7.35,BRL,0,0
349,5.1,BRL,0,0
408,7.55,BRL,0,0
342,7.55,BRL,0,0
608,6.0,BRL,0,0
396,6.7,BRL,0,0
490,5.15,BRL,0,0
494,5.2,BRL,0,0
492,5.45,BRL,0,0
607,6.85,BRL,0,0
617,5.25,BRL,0,0
686BI1,5.4,BRL,0,0
688BI1,5.4,BRL,0,0
173,5.2,BRL,0,0
493,5.75,BRL,0,0
140,4.8,BRL,0,0
615,11.35,BRL,0,0
292DV1,7.55,BRL,0,0
614,12.9,BRL,0,0
714,7.7,BRL,0,0
050,5.7,BRL,0,0
050EX1,5.7,BRL,0,0
446,4.8,BRL,0,0
454,5.25,BRL,0,0
572,5.2,BRL,0,0
949DV1,4.65,BRL,0,0
828,6.3,BRL,0,0
623,4.75,BRL,0,0
568,7.8,BRL,0,0
579,5.2,BRL,0,0
715,7.7,BRL,0,0
831,5.7,BRL,0,0
390BI1,5.45,BRL,0,0
6108EX3,24.15,BRL,0,0
719,5.25,BRL,0,0
838,12.65,BRL,0,0
261,8.0,BRL,0,0
311DV1,7.9,BRL,0,0
030BI1,4.8,BRL,0,0
038VP1,7.0,BRL,0,0
734,8.25,BRL,0,0
244,5.2,BRL,0,0
265,4.8,BRL,0,0
557,6.2,BRL,0,0
619,4.75,BRL,0,0
536,3.9,BRL,0,0
323,4.8,BRL,0,0
087,5.2,BRL,0,0
262,5.2,BRL,0,0
468BI1,6.65,BRL,0,0
120,6.45,BRL,0,0
190,5.65,BRL,0,0
628,4.85,BRL,0,0
211,6.2,BRL,0,0
193,4.4,BRL,0,0
625,4.75,BRL,0,0
089,5.15,BRL,0,0
627,4.85,BRL,0,0
241,5.15,BRL,0,0
191,5.15,BRL,0,0
042,7.0,BRL,0,0
279,4.8,BRL,0,0
300,5.15,BRL,0,0
374,3.7,BRL,0,0
336,4.8,BRL,0,0
639,4.95,BRL,0,0
638,5.4,BRL,0,0
117,4.8,BRL,0,0
644,4.95,BRL,0,0
647,4.95,BRL,0,0
651,5.4,BRL,0,0
5210,27.5,BRL,0,0
156,4.8,BRL,0,0
381,5.2,BRL,0,0
215,6.75,BRL,0,0
402,3.7,BRL,0,0
066,7.45,BRL,0,0
307,5.2,BRL,0,0
5209DV1,17.0,BRL,0,0
842,7.15,BRL,0,0
034,3.9,BRL,0,0
451,4.4,BRL,0,0
341DV1,7.55,BRL,0,0
469,5.4,BRL,0,0
227DV1,7.55,BRL,0,0
280,11.5,BRL,0,0
280BI1,11.5,BRL,0,0
085VP1,6.35,BRL,0,0
170,4.8,BRL,0,0
658,5.4,BRL,0,0
230,6.2,BRL,0,0
202,6.55,BRL,0,0
5211,4.45,BRL,0,0
303,5.2,BRL,0,0
278,11.5,BRL,0,0
053,5.7,BRL,0,0
053BI1,5.2,BRL,0,0
352,8.05,BRL,0,0
138,6.45,BRL,0,0
229,5.2,BRL,0,0
080,5.7,BRL,0,0
659,5.4,BRL,0,0
093,5.4,BRL,0,0
248,6.8,BRL,0,0
096,7.55,BRL,0,0
535,6.25,BRL,0,0
085,7.5,BRL,0,0
620,4.75,BRL,0,0
200,20.7,BRL,0,0
201,20.4,BRL,0,0
914,5.35,BRL,0,0
003,5.4,BRL,0,0
257,6.75,BRL,0,0
664,5.4,BRL,0,0
5212,15.75,BRL,0,0
5304,5.2,BRL,0,0
104,5.1,BRL,0,0
666,5.4,BRL,0,0
5213,24.5,BRL,0,0
5214,21.4,BRL,0,0
5216,14.1,BRL,0,0
5303,5.2,BRL,0,0
5501,59.6,BRL,0,0
337,6.35,BRL,0,0
110,5.4,BRL,0,0
668,5.25,BRL,0,0
111,5.1,BRL,0,0
662,5.4,BRL,0,0
042VP1,7.0,BRL,0,0
210,6.4,BRL,0,0
5307,8.15,BRL,0,0
5306,21.55,BRL,0,0
5320,3.7,BRL,0,0
5503,43.1,BRL,0,0
700,5.25,BRL,0,0
701,5.25,BRL,0,0
696,5.25,BRL,0,0
939DV1,4.9,BRL,0,0
640,4.95,BRL,0,0
240,11.7,BRL,0,0
049,5.4,BRL,0,0
187,11.7,BRL,0,0
281,6.25,BRL,0,0
305,4.8,BRL,0,0
5504,35.3,BRL,0,0
655DV1,6.0,BRL,0,0
255,4.8,BRL,0,0
706,5.25,BRL,0,0
375,11.7,BRL,0,0
153,6.8,BRL,0,0
503,5.65,BRL,0,0
652EX1,5.95,BRL,0,0
217,7.4,BRL,0,0
941,5.5,BRL,0,0
223,5.2,BRL,0,0
020,5.2,BRL,0,0
652EX2,5.95,BRL,0,0
023,5.2,BRL,0,0
024,5.2,BRL,0,0
283,5.2,BRL,0,0
938,5.5,BRL,0,0
739,5.4,BRL,0,0
5508,53.5,BRL,0,0
5510,44.6,BRL,0,0
266DV1,6.8,BRL,0,0
022,5.2,BRL,0,0
246,6.7,BRL,0,0
082,8.0,BRL,0,0
418,6.55,BRL,0,0
552,6.8,BRL,0,0
513,4.4,BRL,0,0
5506,10.25,BRL,0,0
404,5.2,BRL,0,0
5511,37.9,BRL,0,0
5305,35.8,BRL,0,0
5206,4.5,BRL,0,0
266,6.8,BRL,0,0
246BI1,6.7,BRL,0,0
821,6.55,BRL,0,0
082BI1,8.0,BRL,0,0
012,5.05,BRL,0,0
226,5.05,BRL,0,0
237,4.4,BRL,0,0
137,7.55,BRL,0,0
335,5.35,BRL,0,0
5219,14.3,BRL,0,0
040EX1,6.2,BRL,0,0
227,7.55,BRL,0,0
341,7.55,BRL,0,0
606EX1,7.35,BRL,0,0
819,10.3,BRL,0,0
292,7.55,BRL,0,0
429,5.2,BRL,0,0
331,6.35,BRL,0,0
683,4.95,BRL,0,0
685,5.25,BRL,0,0
824,5.45,BRL,0,0
5404PR1,8.15,BRL,0,0
708BI1,5.25,BRL,0,0
212,6.2,BRL,0,0
409,4.85,BRL,0,0
5304PR1,5.2,BRL,0,0
236,6.2,BRL,0,0
810,5.4,BRL,0,0
816,7.8,BRL,0,0
310,7.55,BRL,0,0
312,5.25,BRL,0,0
955,10.35,BRL,0,0
540,6.7,BRL,0,0
826,6.25,BRL,0,0
622EX1,4.85,BRL,0,0
961,4.45,BRL,0,0
950,5.25,BRL,0,0
749,4.95,BRL,0,0
488,6.55,BRL,0,0
674VP1,5.25,BRL,0,0
378,12.1,BRL,0,0
467,8.1,BRL,0,0
501,7.55,BRL,0,0
531,4.4,BRL,0,0
674VP2,5.25,BRL,0,0
499,5.4,BRL,0,0
677DV1,4.9,BRL,0,0
800,16.8,BRL,0,0
443,5.4,BRL,0,0
843,4.1,BRL,0,0
427,11.2,BRL,0,0
100BI1,5.4,BRL,0,0
158,7.45,BRL,0,0
582,4.1,BRL,0,0
175,6.25,BRL,0,0
160,7.45,BRL,0,0
742,5.25,BRL,0,0
750,4.95,BRL,0,0
214VP1,14.75,BRL,0,0
5105,7.9,BRL,0,0
321,5.4,BRL,0,0
472,35.0,BRL,0,0
5109,10.0,BRL,0,0
5204,12.15,BRL,0,0
5205,9.7,BRL,0,0
5207,12.7,BRL,0,0
134,5.2,BRL,0,0
360,5.2,BRL,0,0
156BI1,4.8,BRL,0,0
426,7.1,BRL,0,0
6105,19.15,BRL,0,0
218,7.4,BRL,0,0
314,6.8,BRL,0,0
510,5.15,BRL,0,0
198,6.35,BRL,0,0
500DV1,5.1,BRL,0,0
149,4.8,BRL,0,0
148,4.8,BRL,0,0
254,4.85,BRL,0,0
254DV1,4.85,BRL,0,0
273,6.4,BRL,0,0
439VP1,5.2,BRL,0,0
6206,4.35,BRL,0,0
6207,4.35,BRL,0,0
6207VP1,4.35,BRL,0,0
147,6.2,BRL,0,0
141,8.6,BRL,0,0
114,6.4,BRL,0,0
038,7.6,BRL,0,0
416,6.4,BRL,0,0
245,5.15,BRL,0,0
124,5.15,BRL,0,0
415,5.0,BRL,0,0
025,5.35,BRL,0,0
128,5.15,BRL,0,0
6328,3.9,BRL,0,0
6327,3.9,BRL,0,0
6330,4.7,BRL,0,0
6321,6.5,BRL,0,0
5217,20.1,BRL,0,0
825,6.25,BRL,0,0
178,5.15,BRL,0,0
343,5.15,BRL,0,0
834,5.15,BRL,0,0
125BI1,5.15,BRL,0,0
178BI1,5.15,BRL,0,0
6330PR1,4.7,BRL,0,0
6222BI2,5.45,BRL,0,0
6335,7.5,BRL,0,0
6320BI1,6.5,BRL,0,0
6208,8.75,BRL,0,0
297,7.8,BRL,0,0
269,5.35,BRL,0,0
422,7.15,BRL,0,0
327,5.35,BRL,0,0
566,11.7,BRL,0,0
351,5.65,BRL,0,0
351BI1,5.65,BRL,0,0
256,5.8,BRL,0,0
6320,6.5,BRL,0,0
6323,4.9,BRL,0,0
6326,6.65,BRL,0,0
6104,5.85,BRL,0,0
6209,6.8,BRL,0,0
6324,4.9,BRL,0,0
084,5.2,BRL,0,0
5312,4.7,BRL,0,0
014,5.2,BRL,0,0
199,5.2,BRL,0,0
430,5.2,BRL,0,0
060,5.2,BRL,0,0
6302,5.85,BRL,0,0
180,5.6,BRL,0,0
6301,12.2,BRL,0,0
6303,8.35,BRL,0,0
086,6.2,BRL,0,0
6110,18.2,BRL,0,0
466,5.4,BRL,0,0
263,5.2,BRL,0,0
479,5.2,BRL,0,0
181,6.2,BRL,0,0
060BI1,5.6,BRL,0,0
6316,5.8,BRL,0,0
059,6.2,BRL,0,0
086PR1,6.2,BRL,0,0
6214,4.35,BRL,0,0
6108,18.2,BRL,0,0
6215,4.35,BRL,0,0
061,5.7,BRL,0,0
5318,4.45,BRL,0,0
432,4.8,BRL,0,0
6219,4.9,BRL,0,0
746,5.75,BRL,0,0
242,5.35,BRL,0,0
075,5.35,BRL,0,0
318,6.25,BRL,0,0
088,5.35,BRL,0,0
319,5.4,BRL,0,0
745,5.25,BRL,0,0
073,5.15,BRL,0,0
154,6.8,BRL,0,0
589,5.35,BRL,0,0
6220,4.9,BRL,0,0
152,6.8,BRL,0,0
6333,26.5,BRL,0,0
6334,26.5,BRL,0,0
549,5.35,BRL,0,0
077,6.8,BRL,0,0
597,6.8,BRL,0,0
574,6.8,BRL,0,0
6216,4.9,BRL,0,0
6218,4.5,BRL,0,0
112,5.7,BRL,0,0
6338,5.6,BRL,0,0
5104,6.4,BRL,0,0
218EX1,7.4,BRL,0,0
004,6.8,BRL,0,0
431,6.8,BRL,0,0
953,4.55,BRL,0,0
064,6.2,BRL,0,0
006,6.2,BRL,0,0
177,5.2,BRL,0,0
596,5.1,BRL,0,0
845,5.15,BRL,0,0
123,5.2,BRL,0,0
424,4.8,BRL,0,0
165BI1,5.8,BRL,0,0
165EX1,6.8,BRL,0,0
5110,6.6,BRL,0,0
5402,46.25,BRL,0,0
244BI1,5.2,BRL,0,0
5404,8.15,BRL,0,0
244VP1,5.2,BRL,0,0
069,3.7,BRL,0,0
070,4.8,BRL,0,0
636EX1,5.4,BRL,0,0
194,4.85,BRL,0,0
043,4.85,BRL,0,0
043BI1,4.85,BRL,0,0
460,4.85,BRL,0,0
032DV1,5.8,BRL,0,0
954,4.9,BRL,0,0
5505,5.9,BRL,0,0
640EX1,4.95,BRL,0,0
601,6.7,BRL,0,0
815,6.2,BRL,0,0
744,7.25,BRL,0,0
6315VP1,5.8,BRL,0,0
372,4.9,BRL,0,0
115,7.05,BRL,0,0
166,7.8,BRL,0,0
166BI1,6.8,BRL,0,0
598,7.05,BRL,0,0
605,5.3,BRL,0,0
167,7.55,BRL,0,0
347,4.75,BRL,0,0
384,7.55,BRL,0,0
525,7.55,BRL,0,0
529,7.8,BRL,0,0
213,6.7,BRL,0,0
078,5.15,BRL,0,0
5506DV1,10.25,BRL,0,0
5313DV1,4.7,BRL,0,0
356,5.15,BRL,0,0
947VP1,4.9,BRL,0,0
5207DV1,12.7,BRL,0,0
041,3.7,BRL,0,0
450,5.4,BRL,0,0
448,5.4,BRL,0,0
6108EX1,27.05,BRL,0,0
449,5.4,BRL,0,0
392,5.8,BRL,0,0
361,7.9,BRL,0,0
311,7.9,BRL,0,0
5405,5.2,BRL,0,0
6225EX1,5.2,BRL,0,0
5403,12.6,BRL,0,0
394,6.4,BRL,0,0
6108EX2,27.05,BRL,0,0
6108EX4,10.7,BRL,0,0
284M,5.1,BRL,0,0
551VP1,4.4,BRL,0,0
317,3.65,BRL,0,0
436,4.85,BRL,0,0
288,5.1,BRL,0,0
363,5.1,BRL,0,0
348,5.1,BRL,0,0
353,5.1,BRL,0,0
907,4.9,BRL,0,0
850,6.2,BRL,0,0
285,5.1,BRL,0,0
900,4.9,BRL,0,0
906,4.9,BRL,0,0
618,9.7,BRL,0,0
284,5.1,BRL,0,0
802,5.9,BRL,0,0
918,4.9,BRL,0,0
288PIR,5.1,BRL,0,0
807,7.8,BRL,0,0
901,4.9,BRL,0,0
376,5.1,BRL,0,0
902,4.9,BRL,0,0
917,4.9,BRL,0,0
673EX1,4.8,BRL,0,0
581,5.2,BRL,0,0
927,5.5,BRL,0,0
931,5.5,BRL,0,0
905,12.1,BRL,0,0
932,5.5,BRL,0,0
218EX2,7.4,BRL,0,0
620EX1,4.75,BRL,0,0
287,5.1,BRL,0,0
208,5.35,BRL,0,0
933BI1,5.35,BRL,0,0
287PIR,5.1,BRL,0,0
290,5.1,BRL,0,0
945,5.5,BRL,0,0
909,9.0,BRL,0,0
910,28.95,BRL,0,0
921,19.5,BRL,0,0
616,9.7,BRL,0,0
738,5.85,BRL,0,0
6306,8.35,BRL,0,0
6305,4.5,BRL,0,0
591DV1,5.4,BRL,0,0
5208,15.6,BRL,0,0
6322,3.9,BRL,0,0
6213,6.65,BRL,0,0
6222,5.45,BRL,0,0
6222BI1,5.45,BRL,0,0
6101,8.35,BRL,0,0
6201,7.5,BRL,0,0
6307,4.5,BRL,0,0
630,4.75,BRL,0,0
631,4.85,BRL,0,0
082DV1,8.0,BRL,0,0
524,7.35,BRL,0,0
626,4.75,BRL,0,0
680VP1,5.25,BRL,0,0
687EX2,5.4,BRL,0,0
542,5.4,BRL,0,0
833,6.6,BRL,0,0
855,4.8,BRL,0,0
811,3.9,BRL,0,0
634,4.95,BRL,0,0
661,5.4,BRL,0,0
523,7.55,BRL,0,0
606DV1,7.35,BRL,0,0
736,5.25,BRL,0,0
604DV1,5.3,BRL,0,0
822,6.45,BRL,0,0
543,5.15,BRL,0,0
5311,12.7,BRL,0,0
5319,15.55,BRL,0,0
737,5.25,BRL,0,0
496,5.4,BRL,0,0
5509,8.15,BRL,0,0
588,7.55,BRL,0,0
5308,3.7,BRL,0,0
5316,3.7,BRL,0,0
5317,4.3,BRL,0,0
487,5.1,BRL,0,0
528,5.2,BRL,0,0
687EX1,5.4,BRL,0,0
063EX1,7.6,BRL,0,0
6211,17.4,BRL,0,0
6225,5.2,BRL,0,0
6226,5.2,BRL,0,0
6106,4.7,BRL,0,0
6107,4.7,BRL,0,0
6223,5.55,BRL,0,0
823,5.2,BRL,0,0
6109,5.85,BRL,0,0
709EX1,5.4,BRL,0,0
703,5.25,BRL,0,0
624DV1,4.75,BRL,0,0
059PR1,6.35,BRL,0,0
027EX1,4.8,BRL,0,0
493DV1,5.75,BRL,0,0
951,4.25,BRL,0,0
286,5.1,BRL,0,0
289,5.1,BRL,0,0
829,5.8,BRL,0,0
035,6.8,BRL,0,0
036BI1,5.65,BRL,0,0
291BI1,6.55,BRL,0,0
125,5.15,BRL,0,0
056,5.85,BRL,0,0
334,4.85,BRL,0,0
462BI1,7.4,BRL,0,0
687,5.4,BRL,0,0
5113,4.9,BRL,0,0
6320DV1,6.5,BRL,0,0
5301,17.0,BRL,0,0
649,5.4,BRL,0,0
532,5.9,BRL,0,0
707,5.25,BRL,0,0
260,5.45,BRL,0,0
058,6.2,BRL,0,0
518,6.55,BRL,0,0
130,6.2,BRL,0,0
346,6.3,BRL,0,0
203,5.2,BRL,0,0
407,5.4,BRL,0,0
930,10.35,BRL,0,0
929,12.6,BRL,0,0
949,4.65,BRL,0,0
693,12.45,BRL,0,0
461,5.1,BRL,0,0
680,5.25,BRL,0,0
612,7.7,BRL,0,0
621,4.85,BRL,0,0
642,12.85,BRL,0,0
636PR2,5.4,BRL,0,0
649EX1,5.4,BRL,0,0
727EX1,5.45,BRL,0,0
740,5.95,BRL,0,0
500,5.1,BRL,0,0
6325,6.65,BRL,0,0
654BI1,5.95,BRL,0,0
120PR1,6.45,BRL,0,0
564,7.0,BRL,0,0
324BI1,5.4,BRL,0,0
655PR1,6.0,BRL,0,0
911DV1,5.5,BRL,0,0
933DV1,5.35,BRL,0,0
741,5.25,BRL,0,0
558,4.4,BRL,0,0
5106,7.25,BRL,0,0
242BI1,7.0,BRL,0,0
818,12.1,BRL,0,0
806,3.9,BRL,0,0
5111,5.0,BRL,0,0
5310,5.0,BRL,0,0
6224EX1,8.35,BRL,0,0
6224,6.0,BRL,0,0
5114,5.05,BRL,0,0
5202,6.0,BRL,0,0
5201,5.2,BRL,0,0
5117,5.1,BRL,0,0
5116,5.5,BRL,0,0
5203,4.2,BRL,0,0
5118,5.05,BRL,0,0
5309,5.0,BRL,0,0
5401,44.9,BRL,0,0
5406,44.9,BRL,0,0
5313,4.7,BRL,0,0
5407,11.05,BRL,0,0
6224VP1,6.0,BRL,0,0
814,6.2,BRL,0,0
820,8.55,BRL,0,0
808,4.8,BRL,0,0
6314,7.85,BRL,0,0
6315,5.8,BRL,0,0
6317,5.8,BRL,0,0
752,5.75,BRL,0,0
751,5.75,BRL,0,0
755,5.95,BRL,0,0
756,4.95,BRL,0,0
5214EX1,21.5,BRL,0,0
