fare_id,route_id
6118,6118
633VP1,633VP1
5304PR2,5304PR2
054,054
260EX1,260EX1
6115EX1,6115EX1
6220EX1,6220EX1
6219DV1,6219DV1
6116,6116
313VP1,313VP1
736VP1,736VP1
860,860
409BI1,409BI1
025BI1,025BI1
964,964
033,033
968,968
6322EX1,6322EX1
6119,6119
6340,6340
19CELESTE,19CELESTE
870,870
283VP1,283VP1
466EX2,466EX2
287UBUS,287UBUS
309,309
247EX1,247EX1
466EX1,466EX1
032,032
6316VP1,6316VP1
322,322
965,965
969,969
6213EX2,6213EX2
380,380
332VP1,332VP1
6120,6120
02Verde,02Verde
386,386
533,533
6113,6113
870EX1,870EX1
455,455
6114,6114
122,122
055,055
6339,6339
246EX1,246EX1
6108VP2,6108VP2
228,228
462,462
6105EX2,6105EX2
507,507
152DV1,152DV1
277,277
970,970
151,151
6311EX1,6311EX1
258,258
361EX1,361EX1
819EX1,819EX1
047,047
345,345
350,350
417,417
419,419
421,421
350BI1,350BI1
463,463
468,468
377,377
382EX1,382EX1
758,758
165,165
498,498
559,559
063,063
824EX1,824EX1
016,016
264,264
264BI1,264BI1
316,316
530,530
673EX2,673EX2
214,214
379,379
382,382
040,040
403,403
068,068
160EX1,160EX1
158BI1,158BI1
332,332
121,121
243DV1,243DV1
537,537
841,841
253,253
526,526
563,563
011PR1,011PR1
442,442
6105EX1,6105EX1
206,206
550,550
852,852
095,095
219,219
534,534
243,243
216,216
438,438
456,456
219BI1,219BI1
105,105
163,163
405,405
903,903
936,936
103,103
470,470
942,942
452,452
943,943
591,591
027,027
673,673
478BI1,478BI1
036,036
580,580
517,517
002,002
030,030
001,001
411,411
076,076
145,145
367,367
934EX1,934EX1
522,522
541,541
932DV1,932DV1
239,239
339,339
708BI2,708BI2
340,340
565,565
139,139
252,252
948,948
622,622
624,624
629,629
911,911
551,551
6213EX1,6213EX1
156VP1,156VP1
913,913
113,113
052,052
293,293
315,315
008,008
912,912
587,587
116,116
039,039
5107,5107
171,171
362,362
496EX1,496EX1
079,079
090,090
459,459
107,107
354,354
5220,5220
928,928
182,182
5209,5209
051,051
809,809
699BI1,699BI1
633,633
933,933
359,359
636,636
6308,6308
940,940
148EX1,148EX1
302,302
358,358
947,947
937,937
632,632
635,635
6310,6310
6111,6111
324,324
653,653
231,231
231BI1,231BI1
679,679
939,939
654,654
204,204
652,652
678,678
637,637
6311,6311
727,727
6312,6312
674,674
313,313
850EX1,850EX1
840,840
399,399
915,915
827,827
439,439
291,291
919,919
925,925
520,520
5407VP2,5407VP2
249,249
698,698
094,094
660,660
011,011
944,944
655,655
250,250
657,657
100,100
663,663
697,697
584,584
934,934
699,699
578,578
694,694
704,704
573,573
695,695
702,702
585,585
675,675
676,676
677,677
688,688
686,686
508,508
705,705
708,708
836,836
473,473
101,101
689,689
724,724
709,709
509,509
157,157
636PR1,636PR1
835,835
102,102
901BI1,901BI1
521,521
167PR1,167PR1
555,555
480,480
484,484
195,195
196,196
512,512
238,238
497,497
342DV1,342DV1
366,366
703BI1,703BI1
247,247
337BI1,337BI1
738VP1,738VP1
511,511
560,560
952,952
6115,6115
329,329
478,478
538,538
600,600
390,390
617PR1,617PR1
428,428
247VP2,247VP2
351PR1,351PR1
481,481
604,604
617DV1,617DV1
604EX1,604EX1
506,506
609,609
489,489
612DV1,612DV1
197,197
606,606
349,349
408,408
342,342
608,608
396,396
490,490
494,494
492,492
607,607
617,617
686BI1,686BI1
688BI1,688BI1
173,173
493,493
140,140
615,615
292DV1,292DV1
614,614
714,714
050,050
050EX1,050EX1
446,446
454,454
572,572
949DV1,949DV1
828,828
623,623
568,568
579,579
715,715
831,831
390BI1,390BI1
6108EX3,6108EX3
719,719
838,838
261,261
311DV1,311DV1
030BI1,030BI1
038VP1,038VP1
734,734
244,244
265,265
557,557
619,619
536,536
323,323
087,087
262,262
468BI1,468BI1
120,120
190,190
628,628
211,211
193,193
625,625
089,089
627,627
241,241
191,191
042,042
279,279
300,300
374,374
336,336
639,639
638,638
117,117
644,644
647,647
651,651
5210,5210
156,156
381,381
215,215
402,402
066,066
307,307
5209DV1,5209DV1
842,842
034,034
451,451
341DV1,341DV1
469,469
227DV1,227DV1
280,280
280BI1,280BI1
085VP1,085VP1
170,170
658,658
230,230
202,202
5211,5211
303,303
278,278
053,053
053BI1,053BI1
352,352
138,138
229,229
080,080
659,659
093,093
248,248
096,096
535,535
085,085
620,620
200,200
201,201
914,914
003,003
257,257
664,664
5212,5212
5304,5304
104,104
666,666
5213,5213
5214,5214
5216,5216
5303,5303
5501,5501
337,337
110,110
668,668
111,111
662,662
042VP1,042VP1
210,210
5307,5307
5306,5306
5320,5320
5503,5503
700,700
701,701
696,696
939DV1,939DV1
640,640
240,240
049,049
187,187
281,281
305,305
5504,5504
655DV1,655DV1
255,255
706,706
375,375
153,153
503,503
652EX1,652EX1
217,217
941,941
223,223
020,020
652EX2,652EX2
023,023
024,024
283,283
938,938
739,739
5508,5508
5510,5510
266DV1,266DV1
022,022
246,246
082,082
418,418
552,552
513,513
5506,5506
404,404
5511,5511
5305,5305
5206,5206
266,266
246BI1,246BI1
821,821
082BI1,082BI1
012,012
226,226
237,237
137,137
335,335
5219,5219
040EX1,040EX1
227,227
341,341
606EX1,606EX1
819,819
292,292
429,429
331,331
683,683
685,685
824,824
5404PR1,5404PR1
708BI1,708BI1
212,212
409,409
5304PR1,5304PR1
236,236
810,810
816,816
310,310
312,312
955,955
540,540
826,826
622EX1,622EX1
961,961
950,950
749,749
488,488
674VP1,674VP1
378,378
467,467
501,501
531,531
674VP2,674VP2
499,499
677DV1,677DV1
800,800
443,443
843,843
427,427
100BI1,100BI1
158,158
582,582
175,175
160,160
742,742
750,750
214VP1,214VP1
5105,5105
321,321
472,472
5109,5109
5204,5204
5205,5205
5207,5207
134,134
360,360
156BI1,156BI1
426,426
6105,6105
218,218
314,314
510,510
198,198
500DV1,500DV1
149,149
148,148
254,254
254DV1,254DV1
273,273
439VP1,439VP1
6206,6206
6207,6207
6207VP1,6207VP1
147,147
141,141
114,114
038,038
416,416
245,245
124,124
415,415
025,025
128,128
6328,6328
6327,6327
6330,6330
6321,6321
5217,5217
825,825
178,178
343,343
834,834
125BI1,125BI1
178BI1,178BI1
6330PR1,6330PR1
6222BI2,6222BI2
6335,6335
6320BI1,6320BI1
6208,6208
297,297
269,269
422,422
327,327
566,566
351,351
351BI1,351BI1
256,256
6320,6320
6323,6323
6326,6326
6104,6104
6209,6209
6324,6324
084,084
5312,5312
014,014
199,199
430,430
060,060
6302,6302
180,180
6301,6301
6303,6303
086,086
6110,6110
466,466
263,263
479,479
181,181
060BI1,060BI1
6316,6316
059,059
086PR1,086PR1
6214,6214
6108,6108
6215,6215
061,061
5318,5318
432,432
6219,6219
746,746
242,242
075,075
318,318
088,088
319,319
745,745
073,073
154,154
589,589
6220,6220
152,152
6333,6333
6334,6334
549,549
077,077
597,597
574,574
6216,6216
6218,6218
112,112
6338,6338
5104,5104
218EX1,218EX1
004,004
431,431
953,953
064,064
006,006
177,177
596,596
845,845
123,123
424,424
165BI1,165BI1
165EX1,165EX1
5110,5110
5402,5402
244BI1,244BI1
5404,5404
244VP1,244VP1
069,069
070,070
636EX1,636EX1
194,194
043,043
043BI1,043BI1
460,460
032DV1,032DV1
954,954
5505,5505
640EX1,640EX1
601,601
815,815
744,744
6315VP1,6315VP1
372,372
115,115
166,166
166BI1,166BI1
598,598
605,605
167,167
347,347
384,384
525,525
529,529
213,213
078,078
5506DV1,5506DV1
5313DV1,5313DV1
356,356
947VP1,947VP1
5207DV1,5207DV1
041,041
450,450
448,448
6108EX1,6108EX1
449,449
392,392
361,361
311,311
5405,5405
6225EX1,6225EX1
5403,5403
394,394
6108EX2,6108EX2
6108EX4,6108EX4
284M,284M
551VP1,551VP1
317,317
436,436
288,288
363,363
348,348
353,353
907,907
850,850
285,285
900,900
906,906
618,618
284,284
802,802
918,918
288PIR,288PIR
807,807
901,901
376,376
902,902
917,917
673EX1,673EX1
581,581
927,927
931,931
905,905
932,932
218EX2,218EX2
620EX1,620EX1
287,287
208,208
933BI1,933BI1
287PIR,287PIR
290,290
945,945
909,909
910,910
921,921
616,616
738,738
6306,6306
6305,6305
591DV1,591DV1
5208,5208
6322,6322
6213,6213
6222,6222
6222BI1,6222BI1
6101,6101
6201,6201
6307,6307
630,630
631,631
082DV1,082DV1
524,524
626,626
680VP1,680VP1
687EX2,687EX2
542,542
833,833
855,855
811,811
634,634
661,661
523,523
606DV1,606DV1
736,736
604DV1,604DV1
822,822
543,543
5311,5311
5319,5319
737,737
496,496
5509,5509
588,588
5308,5308
5316,5316
5317,5317
487,487
528,528
687EX1,687EX1
063EX1,063EX1
6211,6211
6225,6225
6226,6226
6106,6106
6107,6107
6223,6223
823,823
6109,6109
709EX1,709EX1
703,703
624DV1,624DV1
059PR1,059PR1
027EX1,027EX1
493DV1,493DV1
951,951
286,286
289,289
829,829
035,035
036BI1,036BI1
291BI1,291BI1
125,125
056,056
334,334
462BI1,462BI1
687,687
5113,5113
6320DV1,6320DV1
5301,5301
649,649
532,532
707,707
260,260
058,058
518,518
130,130
346,346
203,203
407,407
930,930
929,929
949,949
693,693
461,461
680,680
612,612
621,621
642,642
636PR2,636PR2
649EX1,649EX1
727EX1,727EX1
740,740
500,500
6325,6325
654BI1,654BI1
120PR1,120PR1
564,564
324BI1,324BI1
655PR1,655PR1
911DV1,911DV1
933DV1,933DV1
741,741
558,558
5106,5106
242BI1,242BI1
818,818
806,806
5111,5111
5310,5310
6224EX1,6224EX1
6224,6224
5114,5114
5202,5202
5201,5201
5117,5117
5116,5116
5203,5203
5118,5118
5309,5309
5401,5401
5406,5406
5313,5313
5407,5407
6224VP1,6224VP1
814,814
820,820
808,808
6314,6314
6315,6315
6317,6317
752,752
751,751
755,755
756,756
5214EX1,5214EX1
